
 
 Weight_result: [[36.02307414 43.62877036 38.84815551]
 [22.50329158 44.93345745 48.06325097]
 [27.85078281 38.67653015 45.97268704]]
 iteration: 50
 test_error: 0.6714285714285714
 test_accu: 0.32857142857142857
 
 Weight_result: [[36.02307414 43.62877036 38.84815551]
 [22.50329158 44.93345745 48.06325097]
 [27.85078281 38.67653015 45.97268704]]
 iteration: 50
 test_error: 0.6714285714285714
 test_accu: 0.32857142857142857
 
 Weight_result: [[36.02307414 43.62877036 38.84815551]
 [22.50329158 44.93345745 48.06325097]
 [27.85078281 38.67653015 45.97268704]]
 iteration: 50
 test_error: 0.6714285714285714
 test_accu: 0.32857142857142857
 
 Weight_result: [[36.02307414 43.62877036 38.84815551]
 [22.50329158 44.93345745 48.06325097]
 [27.85078281 38.67653015 45.97268704]]
 iteration: 50
 test_error: 0.6714285714285714
 test_accu: 0.32857142857142857
 
 Weight_result: [[36.02307414 43.62877036 38.84815551]
 [22.50329158 44.93345745 48.06325097]
 [27.85078281 38.67653015 45.97268704]]
 iteration: 50
 test_error: 0.6714285714285714
 test_accu: 0.32857142857142857
 
 Weight_result: [[36.02307414 43.62877036 38.84815551]
 [22.50329158 44.93345745 48.06325097]
 [27.85078281 38.67653015 45.97268704]]
 iteration: 50
 test_error: 0.6714285714285714
 test_accu: 0.32857142857142857
 
 Weight_result: [[41.10840386 36.09945824 41.2921379 ]
 [26.80261685 48.86658675 39.8307964 ]
 [41.76054044 36.05116988 34.68828968]]
 iteration: 350
 test_error: 0.05714285714285714
 test_accu: 0.9428571428571428
 
 Weight_result: [[41.10840386 36.09945824 41.2921379 ]
 [26.80261685 48.86658675 39.8307964 ]
 [41.76054044 36.05116988 34.68828968]]
 iteration: 350
 test_error: 0.05714285714285714
 test_accu: 0.9428571428571428
 
 Weight_result: [[41.10840386 36.09945824 41.2921379 ]
 [26.80261685 48.86658675 39.8307964 ]
 [41.76054044 36.05116988 34.68828968]]
 iteration: 350
 test_error: 0.05714285714285714
 test_accu: 0.9428571428571428
 
 Weight_result: [-0.94356093 -3.89155751 11.54700287]
 iteration: 1000
 test_error: 0.04857142857142857
 test_accu: 0.9514285714285714
 
 Weight_result: [[28.90231309 31.59768691]
 [54.76083912 21.23916088]
 [34.36894608 63.13105392]]
 iteration: 350
 test_error: 0.10857142857142857
 test_accu: 0.8914285714285715