
 
 Weight_result: [ 1.38741234  3.89979993 -6.65483991]
 iteration: 1000
 test_error: 0.12
 test_accu: 0.88
 
 Weight_result: [ 1.38741234  3.89979993 -6.65483991]
 iteration: 1000
 test_error: 0.12
 test_accu: 0.88
 
 Weight_result: [ 1.38741234  3.89979993 -6.65483991]
 iteration: 1000
 test_error: 0.12
 test_accu: 0.88
 
 Weight_result: [ 1.15802438  2.65387494 -2.51184788  1.65105491 -0.39180387 -2.63377215
  1.47287704  0.12365858 -2.10451452 -2.08586134]
 iteration: 1000
 
 Weight_result: [ 1.15802438  2.65387494 -2.51184788  1.65105491 -0.39180387 -2.63377215
  1.47287704  0.12365858 -2.10451452 -2.08586134]
 iteration: 1000
 test_error: 0.11714285714285715
 test_accu: 0.8828571428571429
 
 Weight_result: [ 1.15802438  2.65387494 -2.51184788  1.65105491 -0.39180387 -2.63377215
  1.47287704  0.12365858 -2.10451452 -2.08586134]
 iteration: 1000
 test_error: 0.11714285714285715
 test_accu: 0.8828571428571429
 
 Weight_result: [ 1.15802438  2.65387494 -2.51184788  1.65105491 -0.39180387 -2.63377215
  1.47287704  0.12365858 -2.10451452 -2.08586134]
 iteration: 1000
 test_error: 0.11714285714285715
 test_accu: 0.8828571428571429
 
 Weight_result: [ 1.15802438  2.65387494 -2.51184788  1.65105491 -0.39180387 -2.63377215
  1.47287704  0.12365858 -2.10451452 -2.08586134]
 iteration: 1000
 test_error: 0.11714285714285715
 test_accu: 0.8828571428571429
 
 Weight_result: [ 1.15802438  2.65387494 -2.51184788  1.65105491 -0.39180387 -2.63377215
  1.47287704  0.12365858 -2.10451452 -2.08586134]
 iteration: 1000
 test_error: 0.11714285714285715
 test_accu: 0.8828571428571429
 
 Weight_result: [ 1.15802438  2.65387494 -2.51184788  1.65105491 -0.39180387 -2.63377215
  1.47287704  0.12365858 -2.10451452 -2.08586134]
 iteration: 1000
 test_error: 0.11714285714285715
 test_accu: 0.8828571428571429
 
 Weight_result: [ 1.15802438  2.65387494 -2.51184788  1.65105491 -0.39180387 -2.63377215
  1.47287704  0.12365858 -2.10451452 -2.08586134]
 iteration: 1000
 test_error: 0.11714285714285715
 test_accu: 0.8828571428571429
 
 Weight_result: [ 1.15802438  2.65387494 -2.51184788  1.65105491 -0.39180387 -2.63377215
  1.47287704  0.12365858 -2.10451452 -2.08586134]
 iteration: 1000
 test_error: 0.11714285714285715
 test_accu: 0.8828571428571429
 
 Weight_result: [ 1.15802438  2.65387494 -2.51184788  1.65105491 -0.39180387 -2.63377215
  1.47287704  0.12365858 -2.10451452 -2.08586134]
 iteration: 1000
 test_error: 0.11714285714285715
 test_accu: 0.8828571428571429
 
 Weight_result: [ 1.15802438  2.65387494 -2.51184788  1.65105491 -0.39180387 -2.63377215
  1.47287704  0.12365858 -2.10451452 -2.08586134]
 iteration: 1000
 test_error: 0.11714285714285715
 test_accu: 0.8828571428571429
 
 Weight_result: [ 1.15802438  2.65387494 -2.51184788  1.65105491 -0.39180387 -2.63377215
  1.47287704  0.12365858 -2.10451452 -2.08586134]
 iteration: 1000
 test_error: 0.11714285714285715
 test_accu: 0.8828571428571429
 
 Weight_result: [ 1.15802438  2.65387494 -2.51184788  1.65105491 -0.39180387 -2.63377215
  1.47287704  0.12365858 -2.10451452 -2.08586134]
 iteration: 1000
 test_error: 0.11714285714285715
 test_accu: 0.8828571428571429
 
 Weight_result: [ 1.15802438  2.65387494 -2.51184788  1.65105491 -0.39180387 -2.63377215
  1.47287704  0.12365858 -2.10451452 -2.08586134]
 iteration: 1000
 test_error: 0.11714285714285715
 test_accu: 0.8828571428571429
 
 Weight_result: [ 1.15802438  2.65387494 -2.51184788  1.65105491 -0.39180387 -2.63377215
  1.47287704  0.12365858 -2.10451452 -2.08586134]
 iteration: 1000
 test_error: 0.11714285714285715
 test_accu: 0.8828571428571429
 
 Weight_result: [ 1.15802438  2.65387494 -2.51184788  1.65105491 -0.39180387 -2.63377215
  1.47287704  0.12365858 -2.10451452 -2.08586134]
 iteration: 1000
 test_error: 0.11714285714285715
 test_accu: 0.8828571428571429
 
 Weight_result: [ 1.15802438  2.65387494 -2.51184788  1.65105491 -0.39180387 -2.63377215
  1.47287704  0.12365858 -2.10451452 -2.08586134]
 iteration: 1000
 test_error: 0.11714285714285715
 test_accu: 0.8828571428571429
 
 Weight_result: [ 1.15802438  2.65387494 -2.51184788  1.65105491 -0.39180387 -2.63377215
  1.47287704  0.12365858 -2.10451452 -2.08586134]
 iteration: 1000
 test_error: 0.11714285714285715
 test_accu: 0.8828571428571429
 
 Weight_result: [ 1.15802438  2.65387494 -2.51184788  1.65105491 -0.39180387 -2.63377215
  1.47287704  0.12365858 -2.10451452 -2.08586134]
 iteration: 1000
 test_error: 0.11714285714285715
 test_accu: 0.8828571428571429
 
 Weight_result: [ 0.79351803  2.50038685 -1.94012014  1.07612884  0.35961928 -1.85146454
  0.62571859  0.09021598 -0.66953257 -1.38716982  0.65787411  0.26757857
 -0.64584185 -0.98454381 -0.96672504  0.80975991  1.03663789 -0.10622396
 -0.9895677  -0.99179106 -0.63658508]
 iteration: 1000
 test_error: 0.12
 test_accu: 0.88
 
 Weight_result: [ 1.50886209e-01  3.28647582e+00 -2.09050267e+00  1.60934583e+00
  1.43637714e+00 -1.84353866e+00  6.35195331e-01  1.04617728e+00
  4.31332059e-01 -1.36343678e+00  2.35950619e-01  2.84635404e-01
  5.86779710e-01 -1.38887396e-02 -9.80168805e-01  9.32603821e-02
 -1.11483585e-01  1.20764949e-02  3.59804430e-01 -2.12087451e-01
 -7.07738039e-01  4.87763357e-02 -2.13843795e-01 -4.40517569e-01
 -2.15617428e-02  2.29451315e-01 -2.98467614e-01 -5.16379769e-01
  3.84138672e-02 -1.73786774e-01 -6.03917243e-01 -5.08038215e-01
  5.24428959e-02  1.24839627e-01 -3.27469164e-01 -3.79495731e-01
  3.88568838e-02 -8.73940344e-02 -5.51604833e-01 -7.91394703e-01
 -3.79070748e-01  1.22906305e-01  3.00515399e-02 -3.23676175e-01
 -2.78689683e-01  4.26279129e-02 -1.03800066e-04 -3.88023815e-01
 -8.24552123e-01 -7.38314569e-01 -1.84329777e-01  1.46777066e-01
 -5.15851878e-02 -3.00355778e-01 -2.01896199e-01  4.79006471e-02
  7.16793463e-02 -1.89056488e-01 -6.67439042e-01 -8.77121696e-01
 -5.35382076e-01 -1.58315611e-02  1.23817629e-01 -1.14941472e-01
 -2.65650004e-01 -1.41218846e-01  5.46131948e-02  1.25268451e-01
  2.34319385e-03 -3.99662661e-01 -7.78060959e-01 -7.32922920e-01
 -2.91199813e-01  8.65485799e-02  6.98381603e-02 -1.57927868e-01
 -2.24791589e-01 -9.14170505e-02  6.30906383e-02  1.63369080e-01
  1.66764858e-01 -8.66268270e-02 -4.86383194e-01 -6.83596713e-01
 -4.80269856e-01 -8.33673476e-02  1.18228838e-01  2.06904394e-03
 -1.81401144e-01 -1.81109210e-01 -4.89490064e-02  7.36183933e-02
  1.90127733e-01  2.98750835e-01  2.27770901e-01 -6.47725620e-02
 -3.73366056e-01 -4.34186619e-01 -2.12406415e-01  4.85142267e-02
  9.16295863e-02 -6.63153663e-02 -1.87923593e-01 -1.36629323e-01
 -1.13776058e-02  8.63528165e-02  2.09484835e-01  4.00030913e-01
  5.18355860e-01  4.29092138e-01  1.67499189e-01 -7.13362620e-02
 -1.18434375e-01  3.27215905e-04  9.33539862e-02  2.41780800e-02
 -1.27065607e-01 -1.80676070e-01 -9.24948039e-02  2.30015179e-02
  1.01336758e-01  2.24628019e-01  4.75416520e-01  7.73445428e-01
  9.50694724e-01  8.91279723e-01  6.35194046e-01  3.46724696e-01
  1.73319634e-01  1.15876270e-01  5.67193002e-02 -6.77952506e-02
 -1.75990446e-01 -1.62782060e-01 -4.92659550e-02  5.53972293e-02]
 iteration: 1000
 test_error: 0.05714285714285714
 test_accu: 0.9428571428571428
 
 Weight_result: [ 0.55854148  3.13507998 -2.0115023   1.29631244  1.09429992 -1.79832165
  0.39688261  0.42928429  0.13087316 -1.30845354  0.11433051 -0.27740882
 -0.07376041 -0.20059824 -0.91694401  0.06908353 -0.4573779  -0.6911327
 -0.1806278  -0.29564489 -0.6406132   0.09324478 -0.31248585 -0.90415253
 -0.67315398 -0.14446392 -0.30910532 -0.44645495  0.12795409 -0.05595793
 -0.67458053 -0.91829888 -0.44536953 -0.09834065 -0.29134841 -0.30540776
  0.15741004  0.19639863 -0.18714169 -0.65929715 -0.61754256 -0.20055161
 -0.07776036 -0.25795519 -0.19792255  0.1804359   0.39966265  0.38287734
  0.04127874 -0.26666729 -0.21492516 -0.02645021 -0.07817554 -0.2144841
 -0.11160551  0.19972931  0.54577732  0.9234017   1.01280429  0.71329648
  0.31910587  0.13553775  0.06194521 -0.08625766 -0.16383627 -0.03862699]
 iteration: 1000
 test_error: 0.08285714285714285
 test_accu: 0.9171428571428571
 
 Weight_result: [ 0.55854148  3.13507998 -2.0115023   1.29631244  1.09429992 -1.79832165
  0.39688261  0.42928429  0.13087316 -1.30845354  0.11433051 -0.27740882
 -0.07376041 -0.20059824 -0.91694401  0.06908353 -0.4573779  -0.6911327
 -0.1806278  -0.29564489 -0.6406132   0.09324478 -0.31248585 -0.90415253
 -0.67315398 -0.14446392 -0.30910532 -0.44645495  0.12795409 -0.05595793
 -0.67458053 -0.91829888 -0.44536953 -0.09834065 -0.29134841 -0.30540776
  0.15741004  0.19639863 -0.18714169 -0.65929715 -0.61754256 -0.20055161
 -0.07776036 -0.25795519 -0.19792255  0.1804359   0.39966265  0.38287734
  0.04127874 -0.26666729 -0.21492516 -0.02645021 -0.07817554 -0.2144841
 -0.11160551  0.19972931  0.54577732  0.9234017   1.01280429  0.71329648
  0.31910587  0.13553775  0.06194521 -0.08625766 -0.16383627 -0.03862699]
 iteration: 1000
 test_error: 0.08285714285714285
 test_accu: 0.9171428571428571
 
 Weight_result: [ 0.70027638  2.69817656 -1.9269865   0.99564954  0.67574092 -1.74832849
  0.3116514   0.05934059 -0.20774908 -1.27199781  0.19820779 -0.31052355
 -0.43074016 -0.4617258  -0.88008189  0.26666352 -0.08325113 -0.63488413
 -0.51121365 -0.48820217 -0.59471982  0.36258968  0.43849695 -0.14652651
 -0.57283299 -0.44763552 -0.4406415  -0.3859649   0.44144099  1.00631247
  0.92801336  0.15227444 -0.36095313 -0.3705761  -0.36773137 -0.22635094]
 iteration: 1000
 test_error: 0.10285714285714286
 test_accu: 0.8971428571428571
 
 Weight_result: [ 0.70027638  2.69817656 -1.9269865   0.99564954  0.67574092 -1.74832849
  0.3116514   0.05934059 -0.20774908 -1.27199781  0.19820779 -0.31052355
 -0.43074016 -0.4617258  -0.88008189  0.26666352 -0.08325113 -0.63488413
 -0.51121365 -0.48820217 -0.59471982  0.36258968  0.43849695 -0.14652651
 -0.57283299 -0.44763552 -0.4406415  -0.3859649   0.44144099  1.00631247
  0.92801336  0.15227444 -0.36095313 -0.3705761  -0.36773137 -0.22635094]
 iteration: 1000
 test_error: 0.10285714285714286
 test_accu: 0.8971428571428571
 
 Weight_result: [ 0.70027638  2.69817656 -1.9269865   0.99564954  0.67574092 -1.74832849
  0.3116514   0.05934059 -0.20774908 -1.27199781  0.19820779 -0.31052355
 -0.43074016 -0.4617258  -0.88008189  0.26666352 -0.08325113 -0.63488413
 -0.51121365 -0.48820217 -0.59471982  0.36258968  0.43849695 -0.14652651
 -0.57283299 -0.44763552 -0.4406415  -0.3859649   0.44144099  1.00631247
  0.92801336  0.15227444 -0.36095313 -0.3705761  -0.36773137 -0.22635094]
 iteration: 1000
 test_error: 0.10285714285714286
 test_accu: 0.8971428571428571
 
 Weight_result: [ 0.70027638  2.69817656 -1.9269865   0.99564954  0.67574092 -1.74832849
  0.3116514   0.05934059 -0.20774908 -1.27199781  0.19820779 -0.31052355
 -0.43074016 -0.4617258  -0.88008189  0.26666352 -0.08325113 -0.63488413
 -0.51121365 -0.48820217 -0.59471982  0.36258968  0.43849695 -0.14652651
 -0.57283299 -0.44763552 -0.4406415  -0.3859649   0.44144099  1.00631247
  0.92801336  0.15227444 -0.36095313 -0.3705761  -0.36773137 -0.22635094]
 iteration: 1000
 test_error: 0.10285714285714286
 test_accu: 0.8971428571428571
 
 Weight_result: [ 0.70027638  2.69817656 -1.9269865   0.99564954  0.67574092 -1.74832849
  0.3116514   0.05934059 -0.20774908 -1.27199781  0.19820779 -0.31052355
 -0.43074016 -0.4617258  -0.88008189  0.26666352 -0.08325113 -0.63488413
 -0.51121365 -0.48820217 -0.59471982  0.36258968  0.43849695 -0.14652651
 -0.57283299 -0.44763552 -0.4406415  -0.3859649   0.44144099  1.00631247
  0.92801336  0.15227444 -0.36095313 -0.3705761  -0.36773137 -0.22635094]
 iteration: 1000
 test_error: 0.10285714285714286
 test_accu: 0.8971428571428571
 
 Weight_result: [ 0.70027638  2.69817656 -1.9269865   0.99564954  0.67574092 -1.74832849
  0.3116514   0.05934059 -0.20774908 -1.27199781  0.19820779 -0.31052355
 -0.43074016 -0.4617258  -0.88008189  0.26666352 -0.08325113 -0.63488413
 -0.51121365 -0.48820217 -0.59471982  0.36258968  0.43849695 -0.14652651
 -0.57283299 -0.44763552 -0.4406415  -0.3859649   0.44144099  1.00631247
  0.92801336  0.15227444 -0.36095313 -0.3705761  -0.36773137 -0.22635094]
 iteration: 1000
 test_error: 0.10285714285714286
 test_accu: 0.8971428571428571
 
 Weight_result: [ 0.70027638  2.69817656 -1.9269865   0.99564954  0.67574092 -1.74832849
  0.3116514   0.05934059 -0.20774908 -1.27199781  0.19820779 -0.31052355
 -0.43074016 -0.4617258  -0.88008189  0.26666352 -0.08325113 -0.63488413
 -0.51121365 -0.48820217 -0.59471982  0.36258968  0.43849695 -0.14652651
 -0.57283299 -0.44763552 -0.4406415  -0.3859649   0.44144099  1.00631247
  0.92801336  0.15227444 -0.36095313 -0.3705761  -0.36773137 -0.22635094]
 iteration: 1000
 test_error: 0.10285714285714286
 test_accu: 0.8971428571428571
 
 Weight_result: [ 0.70027638  2.69817656 -1.9269865   0.99564954  0.67574092 -1.74832849
  0.3116514   0.05934059 -0.20774908 -1.27199781  0.19820779 -0.31052355
 -0.43074016 -0.4617258  -0.88008189  0.26666352 -0.08325113 -0.63488413
 -0.51121365 -0.48820217 -0.59471982  0.36258968  0.43849695 -0.14652651
 -0.57283299 -0.44763552 -0.4406415  -0.3859649   0.44144099  1.00631247
  0.92801336  0.15227444 -0.36095313 -0.3705761  -0.36773137 -0.22635094]
 iteration: 1000
 test_error: 0.10285714285714286
 test_accu: 0.8971428571428571
 
 Weight_result: [ 1.44367932  2.93120312 -3.60846888  2.24990943 -1.43842253 -3.8802793 ]
 iteration: 1000
 test_error: 0.11142857142857143
 test_accu: 0.8885714285714286
 
 Weight_result: [ 1.44367932  2.93120312 -3.60846888  2.24990943 -1.43842253 -3.8802793 ]
 iteration: 1000
 test_error: 0.11142857142857143
 test_accu: 0.8885714285714286
 
 Weight_result: [ 1.44367932  2.93120312 -3.60846888  2.24990943 -1.43842253 -3.8802793 ]
 iteration: 1000
 test_error: 0.11142857142857143
 test_accu: 0.8885714285714286
 
 Weight_result: [ 1.44367932  2.93120312 -3.60846888  2.24990943 -1.43842253 -3.8802793 ]
 iteration: 1000
 test_error: 0.11142857142857143
 test_accu: 0.8885714285714286
 
 Weight_result: [ 1.44367932  2.93120312 -3.60846888  2.24990943 -1.43842253 -3.8802793 ]
 iteration: 1000
 test_error: 0.11142857142857143
 test_accu: 0.8885714285714286
 
 Weight_result: [ 1.44367932  2.93120312 -3.60846888  2.24990943 -1.43842253 -3.8802793 ]
 iteration: 1000
 test_error: 0.11142857142857143
 test_accu: 0.8885714285714286
 
 Weight_result: [ 1.44367932  2.93120312 -3.60846888  2.24990943 -1.43842253 -3.8802793 ]
 iteration: 1000
 test_error: 0.11142857142857143
 test_accu: 0.8885714285714286
 
 Weight_result: [ 1.38741234  3.89979993 -6.65483991]
 iteration: 1000
 test_error: 0.12
 test_accu: 0.88
 
 Weight_result: [ 1.38741234  3.89979993 -6.65483991]
 iteration: 1000
 test_error: 0.12
 test_accu: 0.88
 
 Weight_result: [ 1.38741234  3.89979993 -6.65483991]
 iteration: 1000
 test_error: 0.12
 test_accu: 0.88
 
 Weight_result: [ 1.38741234  3.89979993 -6.65483991]
 iteration: 1000
 test_error: 0.12
 test_accu: 0.88
 
 Weight_result: [ 1.38741234  3.89979993 -6.65483991]
 iteration: 1000
 test_error: 0.12
 test_accu: 0.88
 
 Weight_result: [ 1.38741234  3.89979993 -6.65483991]
 iteration: 1000
 test_error: 0.12
 test_accu: 0.88
 
 Weight_result: [ 1.38741234  3.89979993 -6.65483991]
 iteration: 1000
 test_error: 0.12
 test_accu: 0.88
 
 Weight_result: [ 1.38741234  3.89979993 -6.65483991]
 iteration: 1000
 test_error: 0.12
 test_accu: 0.88
 
 Weight_result: [ 1.38741234  3.89979993 -6.65483991]
 iteration: 1000
 test_error: 0.12
 test_accu: 0.88
 
 Weight_result: [ 1.38741234  3.89979993 -6.65483991]
 iteration: 1000
 test_error: 0.12
 test_accu: 0.88
 
 Weight_result: [ 1.15802438  2.65387494 -2.51184788  1.65105491 -0.39180387 -2.63377215
  1.47287704  0.12365858 -2.10451452 -2.08586134]
 iteration: 1000
 test_error: 0.11714285714285715
 test_accu: 0.8828571428571429
 
 Weight_result: [ 0.73434513  2.56626888 -1.90896401  0.98312513  0.52571465 -1.76420178
  0.41009577  0.03782533 -0.39057884 -1.29655247  0.36992313 -0.09699961
 -0.52341319 -0.65515181 -0.89784387  0.48250677  0.37344124 -0.40775732
 -0.68524785 -0.6682143  -0.5986063   0.60406728  1.1110457   0.54615132
 -0.42231538 -0.68061618 -0.59194082 -0.37305885]
 iteration: 1000
 test_error: 0.11142857142857143
 test_accu: 0.8885714285714286
 
 Weight_result: [ 0.73434513  2.56626888 -1.90896401  0.98312513  0.52571465 -1.76420178
  0.41009577  0.03782533 -0.39057884 -1.29655247  0.36992313 -0.09699961
 -0.52341319 -0.65515181 -0.89784387  0.48250677  0.37344124 -0.40775732
 -0.68524785 -0.6682143  -0.5986063   0.60406728  1.1110457   0.54615132
 -0.42231538 -0.68061618 -0.59194082 -0.37305885]
 iteration: 1000
 test_error: 0.11142857142857143
 test_accu: 0.8885714285714286
 
 Weight_result: [-4.82681465e-01  3.41578425e+00 -2.44963216e+00  1.88876174e+00
  1.67500056e+00 -2.09698425e+00  8.47004312e-01  1.58354079e+00
  6.26591625e-01 -1.55129506e+00  3.53856370e-01  8.04089956e-01
  1.17537918e+00  1.01146046e-01 -1.11828590e+00  1.38600378e-01
  2.62530022e-01  7.11690371e-01  8.67764465e-01 -1.59301987e-01
 -8.08621695e-01  4.66659947e-02 -3.26003088e-03  1.63451421e-01
  6.99237082e-01  6.19603843e-01 -2.82447340e-01 -5.91176579e-01
  7.72216161e-03 -1.01064917e-01 -1.93529900e-01  2.09074381e-01
  6.98196194e-01  4.08504832e-01 -3.30050177e-01 -4.37486019e-01
 -8.24588339e-03 -1.16434996e-01 -3.56864928e-01 -2.38429516e-01
  3.41303714e-01  6.59997017e-01  2.32563317e-01 -3.35000934e-01
 -3.27112208e-01 -1.37624944e-02 -9.77564341e-02 -3.89695683e-01
 -5.24741830e-01 -1.30022747e-01  4.73574610e-01  5.78049732e-01
  9.34348979e-02 -3.16331389e-01 -2.46170350e-01 -1.40222708e-02
 -6.85421758e-02 -3.50323591e-01 -6.50915800e-01 -5.28617225e-01
  5.77773041e-02  5.54835978e-01  4.66553145e-01 -1.00018798e-02
 -2.85445331e-01 -1.85318490e-01 -1.11954029e-02 -3.88259059e-02
 -2.77911551e-01 -6.56285370e-01 -7.84257220e-01 -3.93416316e-01
  2.48135346e-01  5.70568673e-01  3.43387547e-01 -8.17768504e-02
 -2.49144389e-01 -1.38241641e-01 -6.21568695e-03 -1.20975957e-02
 -1.95105826e-01 -5.82586684e-01 -8.91633748e-01 -7.59455755e-01
 -1.86553511e-01  3.90643123e-01  5.27517480e-01  2.22687626e-01
 -1.27352194e-01 -2.11355316e-01 -1.00631486e-01  4.85643774e-04
  1.10389295e-02 -1.13551206e-01 -4.62529163e-01 -8.72032179e-01
 -9.83776703e-01 -6.10201903e-01  2.36868269e-02  4.62210459e-01
  4.40639081e-01  1.13284733e-01 -1.52346450e-01 -1.74210033e-01
 -6.95184350e-02  8.68224058e-03  3.10893853e-02 -3.84012576e-02
 -3.18556091e-01 -7.52833882e-01 -1.04946165e+00 -9.24620816e-01
 -3.99603568e-01  1.85735576e-01  4.58721997e-01  3.25638217e-01
  1.95205233e-02 -1.61809637e-01 -1.38740691e-01 -4.28349749e-02
  1.82336871e-02  4.88664309e-02  2.87104117e-02 -1.64844955e-01
 -5.58797440e-01 -9.59221937e-01 -1.06789767e+00 -7.55149167e-01
 -1.95062593e-01  2.67411176e-01  3.86544358e-01  1.95706261e-01
 -5.73890179e-02 -1.59934252e-01 -1.05325909e-01 -1.91280104e-02
  2.90388300e-02  6.51607582e-02  8.79025094e-02 -9.75775264e-03
 -3.09450683e-01 -7.23070471e-01 -1.00201875e+00 -9.37126393e-01
 -5.44012315e-01 -5.54789293e-02  2.52401197e-01  2.56462233e-01
  6.06037140e-02 -1.18139535e-01 -1.50022755e-01 -7.39730782e-02
  2.63265632e-03  4.10177307e-02  8.06300599e-02  1.40062042e-01
  1.42144753e-01 -1.91214052e-02 -3.51977057e-01 -7.01691814e-01
 -8.55129865e-01 -7.14808194e-01 -3.70408441e-01 -2.70224013e-02
  1.35326141e-01  7.99961248e-02 -7.31739740e-02 -1.64447008e-01
 -1.34578326e-01 -4.44933984e-02  2.31832757e-02  5.41045770e-02
  9.57812828e-02  1.86327675e-01  2.88666715e-01  3.02148575e-01
  1.44856655e-01 -1.46671490e-01 -4.26662523e-01 -5.54690378e-01
 -4.92740623e-01 -3.13332880e-01 -1.43538236e-01 -8.27248486e-02
 -1.32580420e-01 -2.01828897e-01 -1.98457004e-01 -1.15439820e-01
 -1.66077184e-02  4.30539188e-02  6.82445806e-02  1.10988052e-01
  2.27836969e-01  4.29024484e-01  6.47568202e-01  7.60848877e-01
  6.82786467e-01  4.30335496e-01  1.00463564e-01 -1.96360285e-01
 -3.84009814e-01 -4.46231948e-01 -4.29083170e-01 -3.97685660e-01
 -3.73148778e-01 -3.23614548e-01 -2.22382459e-01 -9.39201274e-02
  9.99156101e-03  6.26288281e-02  8.33922270e-02  1.26517587e-01
  2.65616153e-01  5.63241686e-01  1.01271160e+00  1.49205273e+00
  1.80835718e+00  1.80340989e+00  1.43462852e+00  7.93525023e-01
  7.29239742e-02 -5.13367549e-01 -8.35644322e-01 -9.01251084e-01
 -8.05038177e-01 -6.36014190e-01 -4.38247131e-01 -2.38299887e-01
 -7.09297558e-02  3.56060144e-02  8.21883082e-02]
 iteration: 1000
 test_error: 0.03428571428571429
 test_accu: 0.9657142857142857
 
 Weight_result: [-4.82681465e-01  3.41578425e+00 -2.44963216e+00  1.88876174e+00
  1.67500056e+00 -2.09698425e+00  8.47004312e-01  1.58354079e+00
  6.26591625e-01 -1.55129506e+00  3.53856370e-01  8.04089956e-01
  1.17537918e+00  1.01146046e-01 -1.11828590e+00  1.38600378e-01
  2.62530022e-01  7.11690371e-01  8.67764465e-01 -1.59301987e-01
 -8.08621695e-01  4.66659947e-02 -3.26003088e-03  1.63451421e-01
  6.99237082e-01  6.19603843e-01 -2.82447340e-01 -5.91176579e-01
  7.72216161e-03 -1.01064917e-01 -1.93529900e-01  2.09074381e-01
  6.98196194e-01  4.08504832e-01 -3.30050177e-01 -4.37486019e-01
 -8.24588339e-03 -1.16434996e-01 -3.56864928e-01 -2.38429516e-01
  3.41303714e-01  6.59997017e-01  2.32563317e-01 -3.35000934e-01
 -3.27112208e-01 -1.37624944e-02 -9.77564341e-02 -3.89695683e-01
 -5.24741830e-01 -1.30022747e-01  4.73574610e-01  5.78049732e-01
  9.34348979e-02 -3.16331389e-01 -2.46170350e-01 -1.40222708e-02
 -6.85421758e-02 -3.50323591e-01 -6.50915800e-01 -5.28617225e-01
  5.77773041e-02  5.54835978e-01  4.66553145e-01 -1.00018798e-02
 -2.85445331e-01 -1.85318490e-01 -1.11954029e-02 -3.88259059e-02
 -2.77911551e-01 -6.56285370e-01 -7.84257220e-01 -3.93416316e-01
  2.48135346e-01  5.70568673e-01  3.43387547e-01 -8.17768504e-02
 -2.49144389e-01 -1.38241641e-01 -6.21568695e-03 -1.20975957e-02
 -1.95105826e-01 -5.82586684e-01 -8.91633748e-01 -7.59455755e-01
 -1.86553511e-01  3.90643123e-01  5.27517480e-01  2.22687626e-01
 -1.27352194e-01 -2.11355316e-01 -1.00631486e-01  4.85643774e-04
  1.10389295e-02 -1.13551206e-01 -4.62529163e-01 -8.72032179e-01
 -9.83776703e-01 -6.10201903e-01  2.36868269e-02  4.62210459e-01
  4.40639081e-01  1.13284733e-01 -1.52346450e-01 -1.74210033e-01
 -6.95184350e-02  8.68224058e-03  3.10893853e-02 -3.84012576e-02
 -3.18556091e-01 -7.52833882e-01 -1.04946165e+00 -9.24620816e-01
 -3.99603568e-01  1.85735576e-01  4.58721997e-01  3.25638217e-01
  1.95205233e-02 -1.61809637e-01 -1.38740691e-01 -4.28349749e-02
  1.82336871e-02  4.88664309e-02  2.87104117e-02 -1.64844955e-01
 -5.58797440e-01 -9.59221937e-01 -1.06789767e+00 -7.55149167e-01
 -1.95062593e-01  2.67411176e-01  3.86544358e-01  1.95706261e-01
 -5.73890179e-02 -1.59934252e-01 -1.05325909e-01 -1.91280104e-02
  2.90388300e-02  6.51607582e-02  8.79025094e-02 -9.75775264e-03
 -3.09450683e-01 -7.23070471e-01 -1.00201875e+00 -9.37126393e-01
 -5.44012315e-01 -5.54789293e-02  2.52401197e-01  2.56462233e-01
  6.06037140e-02 -1.18139535e-01 -1.50022755e-01 -7.39730782e-02
  2.63265632e-03  4.10177307e-02  8.06300599e-02  1.40062042e-01
  1.42144753e-01 -1.91214052e-02 -3.51977057e-01 -7.01691814e-01
 -8.55129865e-01 -7.14808194e-01 -3.70408441e-01 -2.70224013e-02
  1.35326141e-01  7.99961248e-02 -7.31739740e-02 -1.64447008e-01
 -1.34578326e-01 -4.44933984e-02  2.31832757e-02  5.41045770e-02
  9.57812828e-02  1.86327675e-01  2.88666715e-01  3.02148575e-01
  1.44856655e-01 -1.46671490e-01 -4.26662523e-01 -5.54690378e-01
 -4.92740623e-01 -3.13332880e-01 -1.43538236e-01 -8.27248486e-02
 -1.32580420e-01 -2.01828897e-01 -1.98457004e-01 -1.15439820e-01
 -1.66077184e-02  4.30539188e-02  6.82445806e-02  1.10988052e-01
  2.27836969e-01  4.29024484e-01  6.47568202e-01  7.60848877e-01
  6.82786467e-01  4.30335496e-01  1.00463564e-01 -1.96360285e-01
 -3.84009814e-01 -4.46231948e-01 -4.29083170e-01 -3.97685660e-01
 -3.73148778e-01 -3.23614548e-01 -2.22382459e-01 -9.39201274e-02
  9.99156101e-03  6.26288281e-02  8.33922270e-02  1.26517587e-01
  2.65616153e-01  5.63241686e-01  1.01271160e+00  1.49205273e+00
  1.80835718e+00  1.80340989e+00  1.43462852e+00  7.93525023e-01
  7.29239742e-02 -5.13367549e-01 -8.35644322e-01 -9.01251084e-01
 -8.05038177e-01 -6.36014190e-01 -4.38247131e-01 -2.38299887e-01
 -7.09297558e-02  3.56060144e-02  8.21883082e-02]
 iteration: 1000
 test_error: 0.03428571428571429
 test_accu: 0.9657142857142857
 
 Weight_result: [-4.82681465e-01  3.41578425e+00 -2.44963216e+00  1.88876174e+00
  1.67500056e+00 -2.09698425e+00  8.47004312e-01  1.58354079e+00
  6.26591625e-01 -1.55129506e+00  3.53856370e-01  8.04089956e-01
  1.17537918e+00  1.01146046e-01 -1.11828590e+00  1.38600378e-01
  2.62530022e-01  7.11690371e-01  8.67764465e-01 -1.59301987e-01
 -8.08621695e-01  4.66659947e-02 -3.26003088e-03  1.63451421e-01
  6.99237082e-01  6.19603843e-01 -2.82447340e-01 -5.91176579e-01
  7.72216161e-03 -1.01064917e-01 -1.93529900e-01  2.09074381e-01
  6.98196194e-01  4.08504832e-01 -3.30050177e-01 -4.37486019e-01
 -8.24588339e-03 -1.16434996e-01 -3.56864928e-01 -2.38429516e-01
  3.41303714e-01  6.59997017e-01  2.32563317e-01 -3.35000934e-01
 -3.27112208e-01 -1.37624944e-02 -9.77564341e-02 -3.89695683e-01
 -5.24741830e-01 -1.30022747e-01  4.73574610e-01  5.78049732e-01
  9.34348979e-02 -3.16331389e-01 -2.46170350e-01 -1.40222708e-02
 -6.85421758e-02 -3.50323591e-01 -6.50915800e-01 -5.28617225e-01
  5.77773041e-02  5.54835978e-01  4.66553145e-01 -1.00018798e-02
 -2.85445331e-01 -1.85318490e-01 -1.11954029e-02 -3.88259059e-02
 -2.77911551e-01 -6.56285370e-01 -7.84257220e-01 -3.93416316e-01
  2.48135346e-01  5.70568673e-01  3.43387547e-01 -8.17768504e-02
 -2.49144389e-01 -1.38241641e-01 -6.21568695e-03 -1.20975957e-02
 -1.95105826e-01 -5.82586684e-01 -8.91633748e-01 -7.59455755e-01
 -1.86553511e-01  3.90643123e-01  5.27517480e-01  2.22687626e-01
 -1.27352194e-01 -2.11355316e-01 -1.00631486e-01  4.85643774e-04
  1.10389295e-02 -1.13551206e-01 -4.62529163e-01 -8.72032179e-01
 -9.83776703e-01 -6.10201903e-01  2.36868269e-02  4.62210459e-01
  4.40639081e-01  1.13284733e-01 -1.52346450e-01 -1.74210033e-01
 -6.95184350e-02  8.68224058e-03  3.10893853e-02 -3.84012576e-02
 -3.18556091e-01 -7.52833882e-01 -1.04946165e+00 -9.24620816e-01
 -3.99603568e-01  1.85735576e-01  4.58721997e-01  3.25638217e-01
  1.95205233e-02 -1.61809637e-01 -1.38740691e-01 -4.28349749e-02
  1.82336871e-02  4.88664309e-02  2.87104117e-02 -1.64844955e-01
 -5.58797440e-01 -9.59221937e-01 -1.06789767e+00 -7.55149167e-01
 -1.95062593e-01  2.67411176e-01  3.86544358e-01  1.95706261e-01
 -5.73890179e-02 -1.59934252e-01 -1.05325909e-01 -1.91280104e-02
  2.90388300e-02  6.51607582e-02  8.79025094e-02 -9.75775264e-03
 -3.09450683e-01 -7.23070471e-01 -1.00201875e+00 -9.37126393e-01
 -5.44012315e-01 -5.54789293e-02  2.52401197e-01  2.56462233e-01
  6.06037140e-02 -1.18139535e-01 -1.50022755e-01 -7.39730782e-02
  2.63265632e-03  4.10177307e-02  8.06300599e-02  1.40062042e-01
  1.42144753e-01 -1.91214052e-02 -3.51977057e-01 -7.01691814e-01
 -8.55129865e-01 -7.14808194e-01 -3.70408441e-01 -2.70224013e-02
  1.35326141e-01  7.99961248e-02 -7.31739740e-02 -1.64447008e-01
 -1.34578326e-01 -4.44933984e-02  2.31832757e-02  5.41045770e-02
  9.57812828e-02  1.86327675e-01  2.88666715e-01  3.02148575e-01
  1.44856655e-01 -1.46671490e-01 -4.26662523e-01 -5.54690378e-01
 -4.92740623e-01 -3.13332880e-01 -1.43538236e-01 -8.27248486e-02
 -1.32580420e-01 -2.01828897e-01 -1.98457004e-01 -1.15439820e-01
 -1.66077184e-02  4.30539188e-02  6.82445806e-02  1.10988052e-01
  2.27836969e-01  4.29024484e-01  6.47568202e-01  7.60848877e-01
  6.82786467e-01  4.30335496e-01  1.00463564e-01 -1.96360285e-01
 -3.84009814e-01 -4.46231948e-01 -4.29083170e-01 -3.97685660e-01
 -3.73148778e-01 -3.23614548e-01 -2.22382459e-01 -9.39201274e-02
  9.99156101e-03  6.26288281e-02  8.33922270e-02  1.26517587e-01
  2.65616153e-01  5.63241686e-01  1.01271160e+00  1.49205273e+00
  1.80835718e+00  1.80340989e+00  1.43462852e+00  7.93525023e-01
  7.29239742e-02 -5.13367549e-01 -8.35644322e-01 -9.01251084e-01
 -8.05038177e-01 -6.36014190e-01 -4.38247131e-01 -2.38299887e-01
 -7.09297558e-02  3.56060144e-02  8.21883082e-02]
 iteration: 1000
 test_error: 0.03428571428571429
 test_accu: 0.9657142857142857
 
 Weight_result: [-4.82681465e-01  3.41578425e+00 -2.44963216e+00  1.88876174e+00
  1.67500056e+00 -2.09698425e+00  8.47004312e-01  1.58354079e+00
  6.26591625e-01 -1.55129506e+00  3.53856370e-01  8.04089956e-01
  1.17537918e+00  1.01146046e-01 -1.11828590e+00  1.38600378e-01
  2.62530022e-01  7.11690371e-01  8.67764465e-01 -1.59301987e-01
 -8.08621695e-01  4.66659947e-02 -3.26003088e-03  1.63451421e-01
  6.99237082e-01  6.19603843e-01 -2.82447340e-01 -5.91176579e-01
  7.72216161e-03 -1.01064917e-01 -1.93529900e-01  2.09074381e-01
  6.98196194e-01  4.08504832e-01 -3.30050177e-01 -4.37486019e-01
 -8.24588339e-03 -1.16434996e-01 -3.56864928e-01 -2.38429516e-01
  3.41303714e-01  6.59997017e-01  2.32563317e-01 -3.35000934e-01
 -3.27112208e-01 -1.37624944e-02 -9.77564341e-02 -3.89695683e-01
 -5.24741830e-01 -1.30022747e-01  4.73574610e-01  5.78049732e-01
  9.34348979e-02 -3.16331389e-01 -2.46170350e-01 -1.40222708e-02
 -6.85421758e-02 -3.50323591e-01 -6.50915800e-01 -5.28617225e-01
  5.77773041e-02  5.54835978e-01  4.66553145e-01 -1.00018798e-02
 -2.85445331e-01 -1.85318490e-01 -1.11954029e-02 -3.88259059e-02
 -2.77911551e-01 -6.56285370e-01 -7.84257220e-01 -3.93416316e-01
  2.48135346e-01  5.70568673e-01  3.43387547e-01 -8.17768504e-02
 -2.49144389e-01 -1.38241641e-01 -6.21568695e-03 -1.20975957e-02
 -1.95105826e-01 -5.82586684e-01 -8.91633748e-01 -7.59455755e-01
 -1.86553511e-01  3.90643123e-01  5.27517480e-01  2.22687626e-01
 -1.27352194e-01 -2.11355316e-01 -1.00631486e-01  4.85643774e-04
  1.10389295e-02 -1.13551206e-01 -4.62529163e-01 -8.72032179e-01
 -9.83776703e-01 -6.10201903e-01  2.36868269e-02  4.62210459e-01
  4.40639081e-01  1.13284733e-01 -1.52346450e-01 -1.74210033e-01
 -6.95184350e-02  8.68224058e-03  3.10893853e-02 -3.84012576e-02
 -3.18556091e-01 -7.52833882e-01 -1.04946165e+00 -9.24620816e-01
 -3.99603568e-01  1.85735576e-01  4.58721997e-01  3.25638217e-01
  1.95205233e-02 -1.61809637e-01 -1.38740691e-01 -4.28349749e-02
  1.82336871e-02  4.88664309e-02  2.87104117e-02 -1.64844955e-01
 -5.58797440e-01 -9.59221937e-01 -1.06789767e+00 -7.55149167e-01
 -1.95062593e-01  2.67411176e-01  3.86544358e-01  1.95706261e-01
 -5.73890179e-02 -1.59934252e-01 -1.05325909e-01 -1.91280104e-02
  2.90388300e-02  6.51607582e-02  8.79025094e-02 -9.75775264e-03
 -3.09450683e-01 -7.23070471e-01 -1.00201875e+00 -9.37126393e-01
 -5.44012315e-01 -5.54789293e-02  2.52401197e-01  2.56462233e-01
  6.06037140e-02 -1.18139535e-01 -1.50022755e-01 -7.39730782e-02
  2.63265632e-03  4.10177307e-02  8.06300599e-02  1.40062042e-01
  1.42144753e-01 -1.91214052e-02 -3.51977057e-01 -7.01691814e-01
 -8.55129865e-01 -7.14808194e-01 -3.70408441e-01 -2.70224013e-02
  1.35326141e-01  7.99961248e-02 -7.31739740e-02 -1.64447008e-01
 -1.34578326e-01 -4.44933984e-02  2.31832757e-02  5.41045770e-02
  9.57812828e-02  1.86327675e-01  2.88666715e-01  3.02148575e-01
  1.44856655e-01 -1.46671490e-01 -4.26662523e-01 -5.54690378e-01
 -4.92740623e-01 -3.13332880e-01 -1.43538236e-01 -8.27248486e-02
 -1.32580420e-01 -2.01828897e-01 -1.98457004e-01 -1.15439820e-01
 -1.66077184e-02  4.30539188e-02  6.82445806e-02  1.10988052e-01
  2.27836969e-01  4.29024484e-01  6.47568202e-01  7.60848877e-01
  6.82786467e-01  4.30335496e-01  1.00463564e-01 -1.96360285e-01
 -3.84009814e-01 -4.46231948e-01 -4.29083170e-01 -3.97685660e-01
 -3.73148778e-01 -3.23614548e-01 -2.22382459e-01 -9.39201274e-02
  9.99156101e-03  6.26288281e-02  8.33922270e-02  1.26517587e-01
  2.65616153e-01  5.63241686e-01  1.01271160e+00  1.49205273e+00
  1.80835718e+00  1.80340989e+00  1.43462852e+00  7.93525023e-01
  7.29239742e-02 -5.13367549e-01 -8.35644322e-01 -9.01251084e-01
 -8.05038177e-01 -6.36014190e-01 -4.38247131e-01 -2.38299887e-01
 -7.09297558e-02  3.56060144e-02  8.21883082e-02]
 iteration: 1000
 test_error: 0.03428571428571429
 test_accu: 0.9657142857142857
 
 Weight_result: [-4.82681465e-01  3.41578425e+00 -2.44963216e+00  1.88876174e+00
  1.67500056e+00 -2.09698425e+00  8.47004312e-01  1.58354079e+00
  6.26591625e-01 -1.55129506e+00  3.53856370e-01  8.04089956e-01
  1.17537918e+00  1.01146046e-01 -1.11828590e+00  1.38600378e-01
  2.62530022e-01  7.11690371e-01  8.67764465e-01 -1.59301987e-01
 -8.08621695e-01  4.66659947e-02 -3.26003088e-03  1.63451421e-01
  6.99237082e-01  6.19603843e-01 -2.82447340e-01 -5.91176579e-01
  7.72216161e-03 -1.01064917e-01 -1.93529900e-01  2.09074381e-01
  6.98196194e-01  4.08504832e-01 -3.30050177e-01 -4.37486019e-01
 -8.24588339e-03 -1.16434996e-01 -3.56864928e-01 -2.38429516e-01
  3.41303714e-01  6.59997017e-01  2.32563317e-01 -3.35000934e-01
 -3.27112208e-01 -1.37624944e-02 -9.77564341e-02 -3.89695683e-01
 -5.24741830e-01 -1.30022747e-01  4.73574610e-01  5.78049732e-01
  9.34348979e-02 -3.16331389e-01 -2.46170350e-01 -1.40222708e-02
 -6.85421758e-02 -3.50323591e-01 -6.50915800e-01 -5.28617225e-01
  5.77773041e-02  5.54835978e-01  4.66553145e-01 -1.00018798e-02
 -2.85445331e-01 -1.85318490e-01 -1.11954029e-02 -3.88259059e-02
 -2.77911551e-01 -6.56285370e-01 -7.84257220e-01 -3.93416316e-01
  2.48135346e-01  5.70568673e-01  3.43387547e-01 -8.17768504e-02
 -2.49144389e-01 -1.38241641e-01 -6.21568695e-03 -1.20975957e-02
 -1.95105826e-01 -5.82586684e-01 -8.91633748e-01 -7.59455755e-01
 -1.86553511e-01  3.90643123e-01  5.27517480e-01  2.22687626e-01
 -1.27352194e-01 -2.11355316e-01 -1.00631486e-01  4.85643774e-04
  1.10389295e-02 -1.13551206e-01 -4.62529163e-01 -8.72032179e-01
 -9.83776703e-01 -6.10201903e-01  2.36868269e-02  4.62210459e-01
  4.40639081e-01  1.13284733e-01 -1.52346450e-01 -1.74210033e-01
 -6.95184350e-02  8.68224058e-03  3.10893853e-02 -3.84012576e-02
 -3.18556091e-01 -7.52833882e-01 -1.04946165e+00 -9.24620816e-01
 -3.99603568e-01  1.85735576e-01  4.58721997e-01  3.25638217e-01
  1.95205233e-02 -1.61809637e-01 -1.38740691e-01 -4.28349749e-02
  1.82336871e-02  4.88664309e-02  2.87104117e-02 -1.64844955e-01
 -5.58797440e-01 -9.59221937e-01 -1.06789767e+00 -7.55149167e-01
 -1.95062593e-01  2.67411176e-01  3.86544358e-01  1.95706261e-01
 -5.73890179e-02 -1.59934252e-01 -1.05325909e-01 -1.91280104e-02
  2.90388300e-02  6.51607582e-02  8.79025094e-02 -9.75775264e-03
 -3.09450683e-01 -7.23070471e-01 -1.00201875e+00 -9.37126393e-01
 -5.44012315e-01 -5.54789293e-02  2.52401197e-01  2.56462233e-01
  6.06037140e-02 -1.18139535e-01 -1.50022755e-01 -7.39730782e-02
  2.63265632e-03  4.10177307e-02  8.06300599e-02  1.40062042e-01
  1.42144753e-01 -1.91214052e-02 -3.51977057e-01 -7.01691814e-01
 -8.55129865e-01 -7.14808194e-01 -3.70408441e-01 -2.70224013e-02
  1.35326141e-01  7.99961248e-02 -7.31739740e-02 -1.64447008e-01
 -1.34578326e-01 -4.44933984e-02  2.31832757e-02  5.41045770e-02
  9.57812828e-02  1.86327675e-01  2.88666715e-01  3.02148575e-01
  1.44856655e-01 -1.46671490e-01 -4.26662523e-01 -5.54690378e-01
 -4.92740623e-01 -3.13332880e-01 -1.43538236e-01 -8.27248486e-02
 -1.32580420e-01 -2.01828897e-01 -1.98457004e-01 -1.15439820e-01
 -1.66077184e-02  4.30539188e-02  6.82445806e-02  1.10988052e-01
  2.27836969e-01  4.29024484e-01  6.47568202e-01  7.60848877e-01
  6.82786467e-01  4.30335496e-01  1.00463564e-01 -1.96360285e-01
 -3.84009814e-01 -4.46231948e-01 -4.29083170e-01 -3.97685660e-01
 -3.73148778e-01 -3.23614548e-01 -2.22382459e-01 -9.39201274e-02
  9.99156101e-03  6.26288281e-02  8.33922270e-02  1.26517587e-01
  2.65616153e-01  5.63241686e-01  1.01271160e+00  1.49205273e+00
  1.80835718e+00  1.80340989e+00  1.43462852e+00  7.93525023e-01
  7.29239742e-02 -5.13367549e-01 -8.35644322e-01 -9.01251084e-01
 -8.05038177e-01 -6.36014190e-01 -4.38247131e-01 -2.38299887e-01
 -7.09297558e-02  3.56060144e-02  8.21883082e-02]
 iteration: 1000
 test_error: 0.03428571428571429
 test_accu: 0.9657142857142857
 
 Weight_result: [-4.82681465e-01  3.41578425e+00 -2.44963216e+00  1.88876174e+00
  1.67500056e+00 -2.09698425e+00  8.47004312e-01  1.58354079e+00
  6.26591625e-01 -1.55129506e+00  3.53856370e-01  8.04089956e-01
  1.17537918e+00  1.01146046e-01 -1.11828590e+00  1.38600378e-01
  2.62530022e-01  7.11690371e-01  8.67764465e-01 -1.59301987e-01
 -8.08621695e-01  4.66659947e-02 -3.26003088e-03  1.63451421e-01
  6.99237082e-01  6.19603843e-01 -2.82447340e-01 -5.91176579e-01
  7.72216161e-03 -1.01064917e-01 -1.93529900e-01  2.09074381e-01
  6.98196194e-01  4.08504832e-01 -3.30050177e-01 -4.37486019e-01
 -8.24588339e-03 -1.16434996e-01 -3.56864928e-01 -2.38429516e-01
  3.41303714e-01  6.59997017e-01  2.32563317e-01 -3.35000934e-01
 -3.27112208e-01 -1.37624944e-02 -9.77564341e-02 -3.89695683e-01
 -5.24741830e-01 -1.30022747e-01  4.73574610e-01  5.78049732e-01
  9.34348979e-02 -3.16331389e-01 -2.46170350e-01 -1.40222708e-02
 -6.85421758e-02 -3.50323591e-01 -6.50915800e-01 -5.28617225e-01
  5.77773041e-02  5.54835978e-01  4.66553145e-01 -1.00018798e-02
 -2.85445331e-01 -1.85318490e-01 -1.11954029e-02 -3.88259059e-02
 -2.77911551e-01 -6.56285370e-01 -7.84257220e-01 -3.93416316e-01
  2.48135346e-01  5.70568673e-01  3.43387547e-01 -8.17768504e-02
 -2.49144389e-01 -1.38241641e-01 -6.21568695e-03 -1.20975957e-02
 -1.95105826e-01 -5.82586684e-01 -8.91633748e-01 -7.59455755e-01
 -1.86553511e-01  3.90643123e-01  5.27517480e-01  2.22687626e-01
 -1.27352194e-01 -2.11355316e-01 -1.00631486e-01  4.85643774e-04
  1.10389295e-02 -1.13551206e-01 -4.62529163e-01 -8.72032179e-01
 -9.83776703e-01 -6.10201903e-01  2.36868269e-02  4.62210459e-01
  4.40639081e-01  1.13284733e-01 -1.52346450e-01 -1.74210033e-01
 -6.95184350e-02  8.68224058e-03  3.10893853e-02 -3.84012576e-02
 -3.18556091e-01 -7.52833882e-01 -1.04946165e+00 -9.24620816e-01
 -3.99603568e-01  1.85735576e-01  4.58721997e-01  3.25638217e-01
  1.95205233e-02 -1.61809637e-01 -1.38740691e-01 -4.28349749e-02
  1.82336871e-02  4.88664309e-02  2.87104117e-02 -1.64844955e-01
 -5.58797440e-01 -9.59221937e-01 -1.06789767e+00 -7.55149167e-01
 -1.95062593e-01  2.67411176e-01  3.86544358e-01  1.95706261e-01
 -5.73890179e-02 -1.59934252e-01 -1.05325909e-01 -1.91280104e-02
  2.90388300e-02  6.51607582e-02  8.79025094e-02 -9.75775264e-03
 -3.09450683e-01 -7.23070471e-01 -1.00201875e+00 -9.37126393e-01
 -5.44012315e-01 -5.54789293e-02  2.52401197e-01  2.56462233e-01
  6.06037140e-02 -1.18139535e-01 -1.50022755e-01 -7.39730782e-02
  2.63265632e-03  4.10177307e-02  8.06300599e-02  1.40062042e-01
  1.42144753e-01 -1.91214052e-02 -3.51977057e-01 -7.01691814e-01
 -8.55129865e-01 -7.14808194e-01 -3.70408441e-01 -2.70224013e-02
  1.35326141e-01  7.99961248e-02 -7.31739740e-02 -1.64447008e-01
 -1.34578326e-01 -4.44933984e-02  2.31832757e-02  5.41045770e-02
  9.57812828e-02  1.86327675e-01  2.88666715e-01  3.02148575e-01
  1.44856655e-01 -1.46671490e-01 -4.26662523e-01 -5.54690378e-01
 -4.92740623e-01 -3.13332880e-01 -1.43538236e-01 -8.27248486e-02
 -1.32580420e-01 -2.01828897e-01 -1.98457004e-01 -1.15439820e-01
 -1.66077184e-02  4.30539188e-02  6.82445806e-02  1.10988052e-01
  2.27836969e-01  4.29024484e-01  6.47568202e-01  7.60848877e-01
  6.82786467e-01  4.30335496e-01  1.00463564e-01 -1.96360285e-01
 -3.84009814e-01 -4.46231948e-01 -4.29083170e-01 -3.97685660e-01
 -3.73148778e-01 -3.23614548e-01 -2.22382459e-01 -9.39201274e-02
  9.99156101e-03  6.26288281e-02  8.33922270e-02  1.26517587e-01
  2.65616153e-01  5.63241686e-01  1.01271160e+00  1.49205273e+00
  1.80835718e+00  1.80340989e+00  1.43462852e+00  7.93525023e-01
  7.29239742e-02 -5.13367549e-01 -8.35644322e-01 -9.01251084e-01
 -8.05038177e-01 -6.36014190e-01 -4.38247131e-01 -2.38299887e-01
 -7.09297558e-02  3.56060144e-02  8.21883082e-02]
 iteration: 1000
 test_error: 0.03428571428571429
 test_accu: 0.9657142857142857
 
 Weight_result: [ 3.75871687e-01  3.28437765e+00 -2.04330859e+00  1.48199920e+00
  1.31886798e+00 -1.81760923e+00  5.21590108e-01  7.48672884e-01
  3.13232218e-01 -1.33312038e+00  1.71351874e-01 -2.44536384e-02
  2.45897551e-01 -8.50449814e-02 -9.46150820e-01  7.42062071e-02
 -3.34637606e-01 -4.09428970e-01  7.26456784e-02 -2.36273824e-01
 -6.72652982e-01  6.32053743e-02 -3.23358334e-01 -7.92953522e-01
 -4.39499476e-01  2.94259764e-02 -2.89505602e-01 -4.81014231e-01
  7.53247762e-02 -1.78198533e-01 -7.97348544e-01 -8.92251861e-01
 -2.89126520e-01  6.87313199e-03 -2.98422345e-01 -3.43181752e-01
  9.04142966e-02 -8.44897789e-03 -5.53528647e-01 -9.90852300e-01
 -7.07274349e-01 -1.18840740e-01 -2.48444178e-02 -2.83191469e-01
 -2.40079381e-01  1.03935056e-01  1.38889824e-01 -2.04114056e-01
 -7.38213091e-01 -8.53796256e-01 -4.11028093e-01 -2.80860839e-03
 -6.30661190e-02 -2.53018379e-01 -1.59457873e-01  1.16254783e-01
  2.50653557e-01  1.54690038e-01 -2.47858588e-01 -5.94326842e-01
 -5.09592427e-01 -1.35518903e-01  4.57228023e-02 -9.83732624e-02
 -2.13251298e-01 -9.34742848e-02  1.28802701e-01  3.28753350e-01
  4.72025061e-01  3.57064062e-01  4.34775854e-02 -1.73862231e-01
 -1.12734054e-01  5.45113008e-02  4.09159056e-02 -1.23625293e-01
 -1.67466664e-01 -3.70268017e-02  1.42861465e-01  3.80327001e-01
  7.28029900e-01  9.81007813e-01  9.58660357e-01  6.83763949e-01
  3.78185770e-01  2.21515225e-01  1.44431542e-01  3.64460239e-03
 -1.35474793e-01 -1.18123893e-01  1.32760750e-02]
 iteration: 1000
 test_error: 0.07714285714285714
 test_accu: 0.9228571428571428
 
 Weight_result: [ 3.75871687e-01  3.28437765e+00 -2.04330859e+00  1.48199920e+00
  1.31886798e+00 -1.81760923e+00  5.21590108e-01  7.48672884e-01
  3.13232218e-01 -1.33312038e+00  1.71351874e-01 -2.44536384e-02
  2.45897551e-01 -8.50449814e-02 -9.46150820e-01  7.42062071e-02
 -3.34637606e-01 -4.09428970e-01  7.26456784e-02 -2.36273824e-01
 -6.72652982e-01  6.32053743e-02 -3.23358334e-01 -7.92953522e-01
 -4.39499476e-01  2.94259764e-02 -2.89505602e-01 -4.81014231e-01
  7.53247762e-02 -1.78198533e-01 -7.97348544e-01 -8.92251861e-01
 -2.89126520e-01  6.87313199e-03 -2.98422345e-01 -3.43181752e-01
  9.04142966e-02 -8.44897789e-03 -5.53528647e-01 -9.90852300e-01
 -7.07274349e-01 -1.18840740e-01 -2.48444178e-02 -2.83191469e-01
 -2.40079381e-01  1.03935056e-01  1.38889824e-01 -2.04114056e-01
 -7.38213091e-01 -8.53796256e-01 -4.11028093e-01 -2.80860839e-03
 -6.30661190e-02 -2.53018379e-01 -1.59457873e-01  1.16254783e-01
  2.50653557e-01  1.54690038e-01 -2.47858588e-01 -5.94326842e-01
 -5.09592427e-01 -1.35518903e-01  4.57228023e-02 -9.83732624e-02
 -2.13251298e-01 -9.34742848e-02  1.28802701e-01  3.28753350e-01
  4.72025061e-01  3.57064062e-01  4.34775854e-02 -1.73862231e-01
 -1.12734054e-01  5.45113008e-02  4.09159056e-02 -1.23625293e-01
 -1.67466664e-01 -3.70268017e-02  1.42861465e-01  3.80327001e-01
  7.28029900e-01  9.81007813e-01  9.58660357e-01  6.83763949e-01
  3.78185770e-01  2.21515225e-01  1.44431542e-01  3.64460239e-03
 -1.35474793e-01 -1.18123893e-01  1.32760750e-02]
 iteration: 1000
 test_error: 0.07714285714285714
 test_accu: 0.9228571428571428
 
 Weight_result: [ 3.75871687e-01  3.28437765e+00 -2.04330859e+00  1.48199920e+00
  1.31886798e+00 -1.81760923e+00  5.21590108e-01  7.48672884e-01
  3.13232218e-01 -1.33312038e+00  1.71351874e-01 -2.44536384e-02
  2.45897551e-01 -8.50449814e-02 -9.46150820e-01  7.42062071e-02
 -3.34637606e-01 -4.09428970e-01  7.26456784e-02 -2.36273824e-01
 -6.72652982e-01  6.32053743e-02 -3.23358334e-01 -7.92953522e-01
 -4.39499476e-01  2.94259764e-02 -2.89505602e-01 -4.81014231e-01
  7.53247762e-02 -1.78198533e-01 -7.97348544e-01 -8.92251861e-01
 -2.89126520e-01  6.87313199e-03 -2.98422345e-01 -3.43181752e-01
  9.04142966e-02 -8.44897789e-03 -5.53528647e-01 -9.90852300e-01
 -7.07274349e-01 -1.18840740e-01 -2.48444178e-02 -2.83191469e-01
 -2.40079381e-01  1.03935056e-01  1.38889824e-01 -2.04114056e-01
 -7.38213091e-01 -8.53796256e-01 -4.11028093e-01 -2.80860839e-03
 -6.30661190e-02 -2.53018379e-01 -1.59457873e-01  1.16254783e-01
  2.50653557e-01  1.54690038e-01 -2.47858588e-01 -5.94326842e-01
 -5.09592427e-01 -1.35518903e-01  4.57228023e-02 -9.83732624e-02
 -2.13251298e-01 -9.34742848e-02  1.28802701e-01  3.28753350e-01
  4.72025061e-01  3.57064062e-01  4.34775854e-02 -1.73862231e-01
 -1.12734054e-01  5.45113008e-02  4.09159056e-02 -1.23625293e-01
 -1.67466664e-01 -3.70268017e-02  1.42861465e-01  3.80327001e-01
  7.28029900e-01  9.81007813e-01  9.58660357e-01  6.83763949e-01
  3.78185770e-01  2.21515225e-01  1.44431542e-01  3.64460239e-03
 -1.35474793e-01 -1.18123893e-01  1.32760750e-02]
 iteration: 1000
 test_error: 0.07714285714285714
 test_accu: 0.9228571428571428
 
 Weight_result: [ 1.44367932  2.93120312 -3.60846888  2.24990943 -1.43842253 -3.8802793 ]
 iteration: 1000
 test_error: 0.11142857142857143
 test_accu: 0.8885714285714286